3 0
2 1
1 2
0 3
0 4
1 5
2 6
2 7
2 8
2 9
2 10
2 11
2 12
2 13
2 14
2 15
2 16
2 17
2 18
2 19
2 20
2 21
2 22
2 23
2 24
2 25
2 26
2 27
2 28
2 29
2 30
2 31
3 32
4 33
5 34
6 35
6 36
6 37
7 38
8 39
9 40
10 40
11 40
12 40
11 39
10 38
10 37
10 36
10 35
10 34
10 33
10 32
10 31
10 30
10 29
10 28
10 27
10 26
10 25
10 24
10 23
10 22
10 21
10 20
10 19
10 18
10 17
10 16
10 15
10 14
10 13
10 12
10 11
11 10
12 9
12 8
13 7
14 7
15 7
16 7
17 7
18 7
19 7
20 7
21 7
22 7
23 7
24 7
25 7
26 7
27 7
28 8
29 9
30 10
30 11
30 12
30 13
30 14
30 15
30 16
30 17
30 18
30 19
30 20
30 21
30 22
30 23
30 24
29 25
28 26
28 27
28 28
28 29
28 30
28 31
28 32
28 33
28 34
29 35
30 36
30 37
31 38
32 38
33 38
34 37
35 36
36 35
36 34
36 33
36 32
36 31
36 30
36 29
36 28
36 27
36 26
36 25
36 24
36 23
36 22
36 21
36 20
36 19
36 18
36 17
36 16
36 15
36 14
36 13
36 12
35 11
34 10
34 9
34 8
35 8
36 8
37 7
38 7
39 7
40 8
40 9
41 10
42 11
42 12
42 13
42 14
42 15
42 16
42 17
42 18
42 19
42 20
42 21
42 22
42 23
42 24
42 25
42 26
42 27
42 28
42 29
42 30
42 31
42 32
42 31
42 30
42 29
42 28
42 27
42 26
42 25
42 24
42 23
42 22
42 21
42 20
42 19
42 18
42 17
42 16
42 15
42 14
42 13
42 12
42 11
42 10
42 9
42 8
43 7
44 7
45 7
46 8
46 9
46 10
47 9
48 8
49 7
50 7
51 7
52 7
53 7
54 7
55 7
56 7
57 7
58 8
58 9
58 10
58 11
58 12
58 13
58 14
58 15
58 16
58 17
58 18
59 19
60 19
59 20
58 21
58 22
58 23
58 24
58 25
58 26
58 27
58 28
58 29
58 30
58 31
58 32
58 33
58 34
58 35
58 36
59 36
60 37
61 38
62 38
63 38
64 37
64 36
65 35
66 34
66 33
66 32
66 31
66 30
66 29
65 28
64 27
64 26
64 25
64 24
64 23
64 22
64 21
64 20
64 19
64 18
64 17
64 16
64 15
64 14
64 13
64 12
64 11
64 10
65 9
66 8
67 7
68 7
69 7
70 8
70 9
70 10
70 11
70 12
70 13
70 14
70 15
70 16
70 17
70 18
70 19
70 20
70 21
70 22
70 23
70 24
70 25
70 26
70 27
70 28
70 29
70 30
70 31
70 32
70 33
70 34
71 35
72 36
72 37
73 38
74 38
75 38
76 37
77 37
78 37
78 36
78 35
78 34
78 33
78 32
78 31
78 30
78 29
78 28
78 27
77 26
76 25
77 24
78 23
78 22
78 21
78 20
78 19
78 18
78 17
78 16
78 15
78 14
78 13
78 12
78 11
78 10
78 9
78 8
79 7
80 7
81 7
82 8
82 9
82 10
82 11
82 12
82 13
82 14
82 15
82 16
83 15
84 14
85 13
86 12
87 11
88 10
87 9
86 8
85 7
84 6
83 5
82 4
82 3
81 2
80 1
79 0
78 0
77 0
76 0
75 0
74 0
73 0
72 0
71 0
70 0
69 0
68 0
67 0
66 0
65 0
64 0
63 0
62 0
61 0
60 0
59 0
58 0
57 0
56 0
55 0
54 0
53 0
52 0
51 0
50 0
49 0
48 0
47 0
46 0
45 0
44 0
43 0
42 0
41 0
40 0
39 0
38 0
37 0
36 0
35 0
34 0
33 0
32 0
31 0
30 0
29 0
28 0
27 0
26 0
25 0
24 0
23 0
22 0
21 0
20 0
19 0
18 0
17 0
16 0
15 0
14 0
13 0
12 0
11 0
10 0
9 0
8 0
7 0
6 0
5 0
4 0
3 0
